100200128
100200129
100200130
100200131
100217001
100217006
100217008
100217011
100217013
100217015
100217016
100217023
100217025
100217028
100217034
100217036
100217042
100218001
100317001
100317002
100317021
100317041
100317042
100317043
100317100
100317101
100912000
101001001
101001002
101001003
101001004
101001005
101001006
101001007
101001008
101001009
101001010
101001011
101001012
101001014
101001017
101001018
101001019
101001020
101001021
101001022
101001023
101001024
101001025
101001026
101001027
101001028
101001029
101001030
101001031
101001034
101001035
101001036
101001038
101001039
101001040
101001042
101001043
101001044
101001045
101001046
101001047
101001048
101001049
101001050
101001051
101001052
101001053
101001054
101001057
101001058
101001059
101001060
101001061
101001063
101001064
101001065
101001066
101001067
101001068
101001069
101001071
101001072
101001073
101001074
101001075
101001076
101001077
101001078
101001080