17663375
17706537
17720747
17732278
17733394
17745969
17760003
17775525
17787975
17810268
17814387
17841097
17841166
17857780
17871506
17874674
17881964
17896384
17932494
17948378
17955766
17968114
17979378
17985575
17988746
17994645
18000338
18013090
18027138
18027139
18027140
18027141
18036057
18060565
18063928
18096222
18108166
18114794
18144506
18144507
18158397
18161786
18175965
18180762
18190572
18205590
18210764
18235309
18235577
18239909
18246479
18252559
18271561
18282103
18302224
18318842
18322364
18325492
18326736
18372968
18378582
18386170
18407024
18426196
18430390
18444902
18446701
18482591
18486927
18489208
18511384
18511599
18517177
18563744
18590133
18591904
18605135
18631392
18634367
18654201
18658572
18698739
18710707
18712704
18716735
18724123
18739764
18752707
18752938
18756904
18789533
18803791
18807108
18809562
18816758
18828179
18837926
18842395
18865703
18891691
18895832
18897163
18914778
18937875
18940556
18960169
18963306
18964575
18967507
18988391
18993198
19012345
19019586
19024706
19025379
19028307
19041767
19048328
19059929
19066538
19086954
19089195
19113101
19139516
19153634
19159413
19162134
19163116
19182751
19204398
19221310
19230407
19230408
19252988
19254117
19261966
19302550
19310321
19312169
19327348
19333131
19337371
19353570
19355597
19357125
19384334
19394153
19406822
19439119
19441018
19451302
19462747
19474136
19502505
19505896
19508728
19523799
19578592
19580308
19594506
19596712
19605133
19612721
19613556
19619755
19642774
19642889
19665973
19667590
19680539
19684740
19700943
19733961
19737320
19740112
19747827
19748583
19763315
19801646
19808608
19814508
19827717
19844995
19847532
19870120
19877898
19891310
19932396
19959563
19959742
19974580
19980975
20003527
20007374
20032555
20036055
20050865
20056760
20057949
20060230
20065322
20065549
20073910
20101223
20127343
20137754
20138923
20140382
20154092
20155904
20174189
20188127
20193924
20210570
20228463
20264508
20277376
20277860
20281581
20285786
20292186
20315854
20349913
20351153
20358953
20366274
20368763
20368764
20374351
20374520
20394040
20403123
20409757
20426907
20436034
20438745
20447641
20450925
20457551
20470500
20474741
20513882
20522190
20529766
20541432
20546916
20563387
20579538
20584712
20586572
20590784
20624263
20630765
20638610
20644748
20663556
20686759
20700531
20721759
20721928
20721929
20727787
20747792
20758643
20765952
20773176
20781762
20785975
20797524
20802187
20822520
20831168
20838380
20848593
20849090
20855340
20858318
20871001
20920083
20932152
20939559
20951752
20960340
20985997
21007444
21015833
21044178
21051146
21051977
21070956
21074344
21076084
21082832
21088856
21105106
21113684
21123811
21140872
21142671
21143940
21155323
21159309
21175632
21179143
21179144
21208154
21219755
21223277
21237481
21239280
21249921
21250202
21254443
21263083
21296383
21296502
21297224
21313376
21323861
21340051
21347810
21350571
21362970
21377582
21390858
21414674
21417692
21420702
21435914
21452275
21454943
21466326
21481146
21488686
21495657
21496848
21501505
21502796
21507589
21516908
21521304
21524779
21558682
21565445
21593977
21597117
21598948
21607304
21615956
21620076
21636650
21648584
21672573
21686473
21698716
21702241
21715135
21767650
21768554
21770260
21770261
21772453
21785144
21790410
21817254
21831848
21840375
21843307
21844576
21844577
21879581
21887179
21888494
21893603
21900719
21908319
21924381
21947653
21954587
21970285
21977828
21999001
22009013
22011689
22020907
22026707
22046459
22047978
22056710
22061412
22076135
22082163
22091345
22093873
22110647
22110648
22123627
22134079
22138839
22147147
22160245
22171591
22174866
22198672
22200403
22201234
22205600
22211622
22227683
22318971
22339232
22346472
22359980
22371016
22377815
22382087
22386234
22404675
22404676
22419772
22431243
22446869
22479888
22493811
22493812
22499034
22499463
22512237
22512406
22530212
22537443
22539270
22567609
22587018
22589918
22609617
22610082
22617205
22624373
22628574
22638495
22653490
22657402
22666164
22702055
22747316
22751868
22754505
22765132
22790789
22796548
22802010
22804410
22804644
22812068
22829942
22835145
22837504
22842126
22842214
22855882
22858242
22862454
22869904
22873798
22888900
22900598
22910685
22916281
22923081
22959079
22991179
22993208
22996376
23008320
23015896
23032273
23051413
23064604
23068051
23085002
23087070
23093604
23115241
23116808
23116809
23118924
23122036
23160024
23166823
23168060
23171610
23187256
23204029
23205979
23212990
23220863
23232295
23234094
23265313
23265594
23269426
23274061
23282832
23289281
23296404
23297235
23299957
23303072
23309606
23314220
23323812
23327298
23338098
23377694
23379054
23401839
23408872
23421244
23424603
23434538
23440062
23440231
23454876
23471572
23516703
23535429
23536866
23557835
23558733
23562407
23571046
23581825
23587624
23603403
23615409
23626223
23635815
23639291
23649496
23659124
23681456
23689697
23693634
23701465
23740893
23756165
23770284
23771716
23776077
23782705
23784496
23842445
23846921
23850421
23851033
23857661
23869735
23874409
23893227
23899727
23915499
23924608
23927545
23927567
23950192
23965037
23979249
23995346
23995347
23998625
24019092
24019261
24025620
24037702
24040093
24062258
24068492
24073068
24082387
24094653
24094654
24096228
24096499
24101897
24103628
24104865
24128274
24131534
24137081
24140059
24150026
24184846
24194033
24212820
24218047
24221739
24221808
24268052
24285858
24291651
24294108
24311372
24311595
24317029
24326617
24348204
24348804
24362891
24382602
24384095
24413299
24419823
24425055
24432029
24433920
24433921
24435369
24449083
24508238
24530661
24545464
24550676
24566654
24573625
24590232
24610207
24611934
24621460
24623598
24643836
24644634
24658418
24661486
24668830
24672164
24673894
24694698
24696097
24701235
24707869
24725825
24731453
24838456
24845628
24857466
24861088
24874630
24874631
24903843
24907044
24919805
24920410
24943456
24996659
25005816
25034083
25050038
25067275
25090294
25109950
25119460
25123082
25132288
25148255
25163248
25165047
25171661
25173686
25206027
25231813
25236056
25244515
25247218
25259669
25262697
25280974
25290459
25334372
25339070
25341652
25343017
25343280
25345186
25366484
25373678
25377819
25401880
25407406
25407643
25415052
25415053
25435080
25451652
25460258
25472513
25484449
25494711
25518020
25524823
25531465
25542642
25551951
25573054
25578802
25586143
25614410
25629622
25642998
25652259
25652655
25654671
25655502
25669282
25682811
25700114
25704359
25716180
25727454
25769732
25771826
25773409
25774450
25788011
25789292
25793414
25795273
25796442
25811989
25824484
25833572
25847467
25853045
25857246
25862681
25866285
25880422
25882881
25920413
25924653
25935625
25955164
25958491
25988873
26016357
26022485
26034577
26046205
26057276
26082117
26082229
26084285
26099457
26120084
26157485
26185991
26194151
26202165
26205777
26211048
26254876
26257572
26268488
26270847
26285788
26293219
26302522
26304459
26308721
26329679
26345570
26376390
26378150
26381750
26400609
26412047
26420373
26439287
26493435
26495087
26509612
26517393
26533075
26556950
26563200
26566878
26570480
26586849
26593852
26638543
26640671
26647858
26669055
26674724
26701483
26704411
26708437
26722601
26725158
26732909
26775203
26781870
26822796
26834022
26841274
26842483
26864586
26885836
26902560
26905245
26920296
26931058
26932788
26949946
26956670
26964762
26976414
26993374
27004302
27053506
27054370
27062594
27068117
27094595
27103517
27107590
27125110
27126980
27132350
27134689
27143874
27174286
27178262
27189308
27191436
27196937
27207573
27217742
27243130
27279764
27288416
27315304
27324313
27337596
27340877
27346636
27383110
27407330
27408609
27415516
27416701
27450400
27450401
27491571
27503418
27527047
27541267
27552504
27564031
27581098
27618634
27632240
27642961
27655513
27660735
27671321
27744077
27750191
27756115
27762803
27769400
27770341
27780618
27782503
27796375
27813661
27821104
27827272
27827903
27863269
27869883
27870033
27873305
27911549
27918963
27927359
27944249
27967615
27970830
27971137
27978707
27980138
27995943
28002611
28003512
28016193
28039390
28062325
28062326
28066831
28106077
28112535
28118128
28120197
28121403
28124263
28139785
28143906
28150174
28151978
28183605
28190303
28194325
28201945
28265983
28279543
28284902
28290705
28297833
28325165
28332833
28348537
28348939
28355718
28355719
28357177
28358902
28369508
28378427
28388296
28423537
28429121
28450915
28465301
28470714
28493337
28506708
28529976
28546905
28553439
28563545
28565527
28566710
28573958
28577986
28593363
28596933
28601770
28604635
28630501
28637168
28643791
28649820
28654932
28674152
28674153
28677304
28725004
28741524
28754338
28859794
28865322
28877100
28877602
28884172
28890974
28912357
28929131
28933734
28966434
28985331
28990150
29013526
29021114
29047353
29054481
29071332
29085954
29087919
29088922
29095552
29116732
29139104
29143726
29146185
29155212
29169993
29172562
29208536
29216198
29216967
29223325
29228350
29228529
29246354
29267084
29307554
29311166
29330706
29343734
29353756
29357956
29380133
29389368
29400787
29401950
29402771
29417188
29424328
29432356
29436665
29455728
29491031
29491334
29491335
29515122
29549364
29552709
29587993
29590752
29590905
29612557
29616929
29616941
29618570
29654737
29669359
29687169
29692206
29724053
29726552
29735721
29762407
29765339
29795530
29802344
29826127
29834183
29838323
29843091
29843092
29843093
29843094
29863101
29876529
29888389
29904964
29905795
29929832
29934351
29947751
29948642
29951323
29981921
29999161
30012506
30042158
30068120
30069398
30069399
30079770
30086349
30090452
30100551
30106950
30113682
30123142
30126992
30127518
30155789
30170981
30190809
30194529
30208479
30213599
30230789
30241314
30243636
30270176
30276969
30299166
30312361
30314994
30325729
30328508
30334522
30338466
30341772
30353551
30392583
30398342
30399511
30426226
30435145
30450531
30451366
30459350
30461781
30464153
30488793
30492798
30494314
30500113
30502181
30525991
30531525
30532390
30539496
30548775
30562585
30575681
30585393
30587695
30600344
30603688
30604579
30606547
30608985
30643162
30646525
30653113
30655537
30683373
30707994
30741334
30757127
30757396
30770156
30778711
30786387
30794966
30811116
30811117
30834988
30845999
30860696
30864377
30888983
30914564
30915572
30922149
30929786
30936186
30979619
31000575
31034919
31036355
31038159
31044787
31053337
31061682
31066283
31076103
31077447
31102447
31111109
31118030
31122090
31122091
31173519
31175914
31178212
31181711
31222701
31226177
31242786
31245780
31247589
31281980
31292357
31303283
31305911
31314549
31320433
31328739
31339260
31383545
31385077
31386180
31423101
31437713
31440542
31444249
31447217
31456110
31467372
31472884
31476755
31477025
31480215
31480216
31516413
31531170
31533704
31533705
31548814
31550470
31553716
31554054
31557782
31560081
31563350
31571902
31615285
31632536
31677606
31692182
31709826
31733941
31755044
31764353
31764700
31766317
31768112
31785398
31786629
31801517
31812496
31826057
31828916
31829185
31849106
31863912
31887905
31890399
31893528
31904181
31919988
31924889
31930787
31975743
31980955
31986288
31986289
31987274
31991800
32003338
32003339
32012841
32012842
32013448
32015116
32022366
32061744
32062913
32065885
32086564
32104431
32134638
32146097
32180819
32202803
32207100
32224143
32231618
32233746
32240937
32268901
32269855
32271987
32274490
32295838
32296881
32298781
32314730
32339440
32344688
32354768
32355828
32360466
32362575
32391566
32391631
32393580
32437102
32441317
32446630
32446631
32448765
32452818
32465539
32476434
32485271
32485518
32491822
32539892
32541773
32542011
32543380
32548609
32559361
32566831
32569498
32588805
32603633
32617464
32619583
32623004
32626733
32646477
32663969
32679370
32687071
32696942
32703716
32710364
32723153
32744558
32750341
32750510
32751480
32752319
32754886
32761286
32787239
32807846
32809211
32825095
32835363
32854013
32872833
32907538
32912040
32918479
32919136
32933942
32995007
32995276
32999573
33017655
33031674
33034646
33057951
33064647
33066139
33093439
33103459
33112041
33114323
33145233
33178416
33184167
33184236
33198837
33225925
33236860
33244944
33245030
33248692
33252803
33256280
33280639
33282498
33300669
33302407
33323657
33327029
33334269
33347467
33365932
33396948
33413279
33413638
33420078
33423043
33453260
33455338
33460840
33508719
33537328
33541430
33550694
33551032
33574806
33609262
33611061
33621868
33622465
33655493
33656832
33665663
33691040
33695750
33698022
33725002
33725271
33731070
33734439
33737664
33746252
33767325
33776734
33776843
33782437
33784505
33823832
33833230
33846209
33866130
33875961
33878931
33883834
33900648
33904024
33909817
33911264
33950246
33951077
33970665
33972299
33977496
33981008
34002992
34004470
34016756
34022290
34026662
34029630
34079868
34086406
34088136
34100324
34103656
34109611
34116027
34124316
34143852
34149830
34160055
34187685
34193084
34206604
34230233
34236961
34251483
34257001
34267821
34290067
34294855
34302287
34318086
34320307
34325937
34334692
34351849
34358408
34370473
34379489
34408491
34442949
34449261
34460239
34460851
34471458
34472920
34475451
34487429
34492631
34496660
34507039
34522216
34536276
34541863
34545235
34550857
34566435
34568403
34614289
34620088
34627841
34646691
34659866
34664411
34680482
34688023
34690519
34694160
34707034
34710660
34717238
34743446
34761062
34773082
34796454
34815282
34822850
34822851
34830502
34834619
34838437
34853266
34898052
34906152
34945480
34961968
34968834
35011819
35014241
35027493
35035481
35037880
35050257
35052053
35058588
35058857
35059553
35073065
35089369
35112613
35125879
35149085
35183853
35191415
35195612
35199656
35209994
35215622
35220244
35224440
35255456
35259350
35261759
35262428
35268887
35268888
35272499
35282433
35307484
35316708
35322812
35329581
35330871
35346968
35371948
35419032
35429292
35448319
35464895
35480699
35486099
35494087
35514096
35514097
35537251
35537860
35539880
35544402
35561352
35563539
35565537
35577420
35595518
35618217
35618486
35629124
35631584
35638627
35686187
35686188
35712107
35726888
35752363
35762283
35781051
35787450
35798491
35800511
35803249
35809262
35818851
35842855
35848254
35866404
35884610
35911108
35950025
35952884
35956022
35975813
35984222
36006208
36021814
36029076
36033786
36039163
36042004
36042825
36045450
36046926
36076683
36088082
36099620
36100154
36107810
36119641
36121917
36151751
36183881
36211150
36227804
36247316
36256625
36261276
36262024
36278828
36280194
36304921
36318200
36331074
36352429
36354007
36354008
36361633
36376145
36378044
36378213
36405256
36407615
36415522
36426778
36442179
36468556
36472900
36484016
36499284
36521459
36523152
36527535
36553319
36560997
36562627
36565699
36569343
36584821
36586443
36607978
36623431
36625827
36629203
36630403
36643046
36687247
36690018
36693940
36704180
36708764
36717258
36730805
36733451
36734924
36736723
36737092
36750412
36757171
36776089
36821538
36834155
36857073
36868108
36870345
36898537
36904469
36916401
36931229
36935434
36953371
36956512
36970611
36995273
37011715
37038993
37043180
37053871
37055344
37057012
37057743
37083210
37101832
37104630
37115575
37115973
37120512
37132349
37160778
37164373
37168514
37169670
37192109
37195861
37198732
37209439
37231841
37241623
37243151
37256334
37265642
37267041
37279508
37300735
37313348
37313786
37318031
37322745
37349495
37364101
37383714
37390589
37390590
37406863
37412656
37421075
37421579
37433748
37436476
37445295
37457534
37469904
37474917
37507488
37511832
37520316
37534148
37557626
37576645
37580756
37620434
37626500
37630732
37649320
37675138
37675907
37679169
37684215
37694547
37721209
37742478
37744402
37745740
37745919
37752990
37780349
37781520
37792478
37798171
37803172
37803970
37806313
37812118
37820550
37829468
37869028
37910722
37926346
37953640
37955049
37957847
37970940
37984162
37991342
37993923
38007744
38026562
38033121
38033122
38033123
38033124
38033125
38035986
38041940
38041941
38049541
38049934
38107923
38109772
38116136
38120068
38124994
38142739
38148100
38167722
38179121
38180759
38199696
38210374
38247752
38250531
38273745
38275183
38277918
38280762
38289717
38296564
38299233
38318146
38331564
38354937
38369349
38411870
38430673
38445524
38450736
38468214
38479725
38480590
38491199
38492752
38495396
38517737
38520918
38522377
38525760
38528901
38538445
38552107
38562933
38568567
38572779
38589847
38601126
38643567
38667773
38670435
38679204
38680149
38695361
38699854
38723936
38730226
38737148
38742075
38757297
38761908
38777931
38814750
38815069
38834303
38837163
38844957
38848158
38891741
38898779
38916461
38942059
38955728
38973775
38975369
38981606
38982356
38988538
38992735
38999506
39004808
39019325
39024589
39030163
39037517
39041729
39091951
39111158
39118197
39122311
39131963
39139935
39153655
39163598
39168895
39175982
39180960
39188539
39191307
39229392
39238953
39239728
39246582
39256679
39260991
39261576
39272762
39276790
39284521
39303359
39343610
39357122
39373426
39387565
39389320
39399168
39402797
39432962
39439590
39440937
39454112
39477584
39507162
39512984
39526584
39531794
39537362
39552864
39552865
39552866
39564736
39581190
39618799
39648965
39672388
39674352
39695323
39699564
39701395
39703254
39711336
39712330
39719977
39751093
39751094
39761138
39765115
39765958
39774685
39778366
39806198
39817919
39823987
39829561
39853199
39890958
39892082
39897277
39900763
39905966
39910367
39913299
39956951
39964797
39967326
39972129
39972130
39978267
39980304
39984786
39987164
39996157
40005099
40012727
40028305
40044918
40048324
40061558
40089744
40101111
40133511
40143123
40155554
40159926
40160226
40164421
40172183
40173854
40189917
40196604
40200834
40213117
40217358
40225398
40230018
40240595
40252269
40253382
40267580
40279770
40318957
40320754
40343749
40348946
40350910
40371092
40374923
40383551
40384720
40387124
40390147
40391316
40392714
40410110
40418351
40424929
40450317
40453765
40465719
40473581
40502912
40522482
40529384
40542825
40555959
40575313
40583194
40591390
40605147
40607210
40619741
40619825
40633297
40636712
40640057
40640058
40640059
40659562
40666140
40672993
40695128
40703222
40703223
40703393
40732515
40736921
40737112
40817915
40826495
40830387
40838625
40844552
40844553
40854197
40854824
40867519
40884383
40894584
40907115
40908371
40916023
40921545
40921744
40933924
40937767
40941889
40945356
40975574
40991587
41006930
41039846
41061625
41077745
41089128
41090784
41091257
41097056
41098335
41113025
41114306
41128647
41141943
41142615
41147577
41158734
41160533
41160595
41172955
41175645
41181774
41182875
41197012
41201386
41201555
41209827
41209828
41218256
41224658
41230939
41234315
41249545
41269771
41307269
41309158
41329458
41329459
41356845
41356846
41367003
41375811
41382147
41386308
41392891
41396436
41398771
41403766
41420027
41422426
41426869
41431329
41436536
41440148
41442341
41458579
41462083
41462084
41470137
41475424
41482598
41493640
41510920
41517789
41517968
41544074
41554273
41587307
41589166
41613948
41620959
41628550
41639001
41705642
41722932
41735184
41741922
41753322
41762634
41767843
41788781
41855169
41858121
41859700
41872150
41902352
41925941
41930553
41940225
41949033
41952656
41978142
42002073
42009836
42015635
42023223
42024143
42029847
42035044
42035045
42071342
42079445
42082363
42110434
42110604
42129512
42143067
42155488
42160203
42167046
42175079
42199039
42216237
42233477
42237854
42239546
42256406
42280216
42291297
42303365
42309337
42314669
42328171
42338879
42348802
42364257
42364374
42378577
42386471
42391240
42418084
42421606
42425831
42431843
42463414
42502956
42534368
42541548
42548470
42551040
42562690
42566602
42578427
42589641
42591472
42592719
42598242
42599677
42600274
42625254
42647539
42664989
42671151
42671152
42679662
42682609
42685062
42703248
42709949
42713844
42737833
42752141
42776855
42776960
42793609
42810973
42829885
42851643
42868711
42874792
42878636
42880485
42883273
42901635
42921475
42940404
42941100
42945701
42956963
42956964
42969214
42994702
43002864
43014054
43017476
43034264
43040603
43047672
43061293
43096270
43114901
43138260
43140791
43140792
43175858
43191636
43202238
43225434
43230671
43237273
43241495
43250041
43262273
43266605
43268675
43318266
43332022
43340443
43352213
43359262
43366227
43378048
43378076
43383478
43385557
43387895
43405287
43413875
43417563
43422537
43426903
43434803
43436049
43452193
43455065
43476205
43487744
43490025
43500484
43509019
43513897
43530283
43543777
43573231
43577607
43580269
43586926
43641473
43642620
43644025
43658697
43661068
43694075
43694481
43697559
43698897
43708041
43708640
43711255
43714890
43716289
43722862
43730887
43748308
43751755
43785278
43791861
43793530
43797906
43813459
43839002
43841694
43845801
43889633
43892408
43898403
43905751
43906884
43912676
43925870
43930492
43932460
43959432
43973174
44009443
44028461
44035031
44046281
44052074
44052075
44072894
44073668
44088292
44095762
44125452
44139064
44155002
44178886
44179224
44182827
44186624
44203504
44209392
44223284
44236692
44250812
44256816
44273680
44287299
44311445
44330098
44330099
44335251
44341034
44352516
44364077
44364207
44394295
44397496
44405066
44424095
44430454
44436472
44472639
44481227
44487250
44505297
44508094
44509898
44519536
44584775
44595286
44612603
44635489
44656491
44663232
44665365
44676200
44682448
44689688
44689689
44702857
44717069
44729197
44762290
44763025
44771289
44789585
44790889
44792253
44800181
44811425
44852429
44860890
44865098
44877690
44883600
44883830
44887817
44891812
44901281
44910027
44913552
44920699
44928016
44944304
44947065
44954628
44956694
44968459
44968687
45010690
45014450
45023678
45033006
45037489
45041488
45042329
45045866
45078193
45082499
45103815
45118716
45121025
45133463
45141013
45141844
45159319
45170821
45178472
45184165
45206713
45215453
45221020
45222299
45231177
45247637
45282603
45286019
45298492
45305419
45311864
45313993
45349196
45358284
45379225
45383307
45410988
45425051
45439263
45450218
45452224
45458027
45462639
45467446
45496268
45500495
45531624
45533023
45547649
45586855
45591967
45593005
45593826
45620686
45627618
45644898
45651298
45653036
45662855
45667991
45688586
45705025
45711266
45725480
45742626
45778242
45778932
45801022
45803070
45809008
45812361
45815891
45869829
45871897
45894482
45895206
45898858
45906428
45909477
45939611
45939841
45945685
45948430
45950291
45974017
45985838
45986603
46008667
46009906
46031686
46035545
46037213
46044841
46052429
46060017
46066477
46083380
46089249
46128076
46130346
46132282
46136942
46145256
46159582
46173679
46173680
46173681
46181000
46195773
46232525
46237548
46239604
46247516
46253216
46259438
46263076
46272804
46290741
46291010
46303688
46303689
46337945
46354113
46363422
46372010
46384403
46384672
46404281
46411259
46427957
46448938
46457856
46461247
46474915
46480475
46500985
46502013
46502744
46508640
46534755
46565218
46571052
46572756
46589034
46609443
46613515
46652477
46656406
46657337
46659709
46668237
46696593
46700124
46710683
46718686
46759931
46772449
46796664
46820049
46821314
46833854
46848859
46864967
46871387
46874015
46895036
46897277
46910446
46918794
46925518
46955770
46961802
46967601
46986414
46986415
46986416
46986417
46986418
46986419
46986420
47013502
47017574
47025270
47030842
47060154
47060347
47075569
47077318
47084486
47106439
47111934
47120245
47121070
47126872
47150851
47185546
47198668
47217354
47222536
47228077
47233801
47247413
47264717
47274077
47295267
47297616
47319141
47325505
47346845
47349116
47349310
47355498
47360060
47372349
47387961
47395382
47408488
47415292
47421985
47432275
47435107
47436247
47453433
47457347
47459126
47475363
47480070
47482043
47506081
47507260
47529357
47556396
47558785
47579719
47594192
47594939
47596607
47598941
47606319
47611119
47658964
47658965
47660516
47664723
47679935
47687766
47693640
47695416
47705572
47728740
47731128
47737087
47741109
47754278
47766694
47778083
47795344
47805931
47819246
47826112
47829960
47852924
47852925
47863787
47879985
47882565
47922711
47929865
47942531
47961808
47985614
47986555
48009503
48017809
48049769
48063985
48086335
48092532
48094997
48109103
48115277
48115278
48130397
48135190
48144509
48148828
48156348
48179391
48202661
48206762
48210156
48216773
48229808
48252330
48276469
48305365
48308134
48310593
48333324
48343627
48356796
48357738
48365709
48370501
48381268
48411996
48411997
48422921
48424886
48427163
48439321
48444114
48445393
48447192
48453776
48461764
48497555
48505422
48531733
48539234
48546368
48568432
48576971
48579379
48582558
48588176
48605591
48608796
48642904
48649353
48653261
48659020
48675364
48680970
48686504
48700891
48712195
48716139
48716527
48737767
48739166
48742406
48766543
48768179
48770333
48783998
48791583
48800175
48868994
48874522
48905153
48928529
48934760
48940337
48948935
48964966
48976825
48995978
48996569
49003308
49003716
49010598
49032236
49033797
49036338
49064413
49080532
49121795
49127943
49140998
49144107
49191560
49195710
49202331
49204190
49217579
49218300
49221191
49249907
49251811
49258578
49267971
49306994
49328340
49352945
49366157
49370026
49374988
49375719
49389523
49398568
49417509
49430782
49441499
49456901
49460512
49469105
49479374
49513164
49514333
49522489
49551909
49563947
49587034
49587396
49597193
49600724
49633574
49645921
49669730
49674183
49678559
49680980
49681811
49684352
49702428
49721904
49771608
49785720
49791927
49791928
49808196
49808197
49814180
49820233
49823708
49826746
49833312
49838105
49868263
49879995
49881766
49885567
49888191
49905576
49919798
49959355
49966595
49980185
49998907
50005633
50032342
50045299
50065971
50074392
50074522
50078320
50078509
50088247
50091196
50122883
50140163
50152549
50155385
50164989
50176820
50179591
50185950
50215517
50243722
50259460
50260683
50263751
50277973
50278554
50282757
50287060
50292967
50304345
50319138
50321796
50323155
50371210
50400231
50407691
50412166
50418970
50427388
50433147
50449881
50457953
50470982
50474354
50485594
50491121
50501121
50527144
50532786
50554729
50584941
50593156
50604950
50608164
50613779
50615578
50619462
50621530
50684552
50692511
50702124
50705071
50712728
50720316
50725996
50732780
50766506
50781944
50785356
50789693
50823978
50866755
50893987
50896944
50903514
50913601
50916353
50920465
50930991
50933533
50939127
50951359
50954680
50957346
51020079
51028231
51043053
51043243
51047350
51053997
51085303
51099515
51119924
51124303
51126152
51192573
51194046
51196174
51196805
51228280
51232472
51254277
51254980
51267887
51275027
51282878
51316684
51324455
51345461
51351302
51355346
51365514
51371017
51391183
51394546
51402177
51402908
51405049
51435705
51447164
51449743
51452091
51481927
51482758
51497409
51531505
51534754
51543904
51549976
51554871
51555725
51562916
51566770
51570882
51589188
51606429
51616747
51617185
51630558
51632798
51638941
51644030
51670553
51701885
51717541
51728779
51735257
51773900
51777272
51788412
51790181
51808422
51814159
51827737
51828629
51838385
51852507
51855378
51858200
51858306
51865604
51912531
51916032
51925772
51934376
51945556
51960178
51962254
51976476
51987571
51987572
52022648
52031567
52035300
52038272
52040216
52068432
52077741
52085072
52090844
52097679
52098461
52101615
52105192
52112003
52121290
52128900
52140003
52145422
52158283
52176579
52182715
52198054
52222372
52228131
52240819
52248570
52263685
52265835
52286175
52319752
52323207
52323874
52339733
52340274
52346240
52352005
52367652
52370835
52404456
52417194
52430902
52467217
52496105
52497105
52503575
52512994
52518793
52550973
52551211
52558805
52571838
52575195
52584282
52589809
52601736
52624755
52628687
52639377
52648457
52653092
52665542
52675689
52684508
52687916
52702748
52709508
52738610
52768103
52786469
52792430
52800428
52817046
52823314
52824910
52833089
52840267
52840598
52846880
52860176
52869807
52875873
52900000
52900001
52900379
52913738
52963531
52971673
52971944
52977572
53025096
53027855
53039326
53046408
53054833
53063039
53090623
53100061
53112492
53116300
53119267
53129443
53136004
53152590
53153481
53162898
53180020
53183600
53193261
53199020
53208660
53239672
53244294
53251824
53257892
53262004
53274132
53291093
53293545
53315891
53334471
53334641
53341729
53347303
53375573
53388413
53389254
53408006
53451824
53461122
53466826
53485634
53493204
53519297
53527835
53530069
53539634
53540729
53550467
53567095
53569894
53573406
53581214
53582587
53586134
53606874
53610653
53623827
53656677
53670497
53678698
53693416
53701457
53713014
53714009
53724621
53776525
53778229
53797637
53804307
53819028
53819808
53828396
53829412
53830602
53832650
53839837
53855409
53855410
53855411
53890795
53921056
53927679
53932291
53944920
53981499
53982768
53989821
54031490
54040221
54048462
54059040
54094821
54098121
54109233
54135423
54149433
54161401
54175023
54178050
54191698
54241725
54248491
54250060
54266211
54283059
54289683
54297661
54306223
54320860
54326448
54338958
54343893
54351224
54358015
54359696
54360049
54366836
54401832
54407825
54415063
54423935
54447022
54451023
54455435
54455664
54484652
54490275
54493213
54497620
54507222
54512827
54514594
54520292
54537489
54537490
54539105
54541900
54578613
54579801
54582424
54591086
54615781
54620698
54622031
54629413
54631665
54631834
54635862
54652250
54702678
54704216
54706054
54719828
54747648
54749427
54752875
54762426
54766667
54773234
54813225
54844990
54860010
54878498
54903668
54912977
54913680
54936498
54941203
54959865
54974237
54976796
54977057
55001420
55008284
55010259
55013285
55014050
55046718
55063681
55063751
55067058
55099248
55100740
55106249
55117418
55119278
55136228
55144522
55154048
55171412
55204071
55210709
55226821
55256016
55271628
55277252
55291359
55321970
55326322
55326323
55337339
55343236
55348096
55375684
55401221
55410871
55416843
55424270
55428242
55428811
55444629
55461064
55465441
55470553
55488859
55501446
55550921
55553602
55567161
55569674
55586621
55589254
55599882
55608151
55610595
55615891
55623480
55624610
55673611
55690251
55691901
55696885
55705473
55713623
55727845
55735315
55737443
55742055
55758589
55761792
55763552
55773067
55784832
55794644
55818463
55821894
55824220
55863245
55875323
55885348
55888045
55935416
55948544
55969226
55982698
55985014
55991637
55997110
55998462
56043446
56043447
56049970
56051086
56051648
56051649
56052205
56058888
56074358
56094445
56105047
56111151
56119752
56120475
56132807
56166150
56174248
56209279
56223084
56240989
56246017
56252810
56260110
56283725
56286179
56292140
56321639
56339050
56342351
56343672
56346071
56350972
56369281
56387350
56399890
56410040
56413937
56421754
56427559
56433456
56460688
56511382
56514812
56524813
56526564
56532353
56532632
56535497
56562619
56570271
56574543
56585883
56594520
56597272
56597273
56605802
56606928
56611470
56619314
56638325
56641453
56647086
56649609
56655675
56673480
56675280
56681873
56704140
56713552
56746202
56747793
56768355
56769674
56784842
56789759
56804361
56827051
56830749
56832966
56839613
56840427
56840658
56856951
56897896
56907389
56907986
56910167
56916805
56921677
56931015
56948373
56981417
56993276
56995655
57006589
57019473
57031794
57036718
57043117
57046845
57047293
57062206
57069605
57103969
57108202
57115864
57116033
57116034
57135971
57139487
57143342
57182235
57201737
57238939
57261568
57270476
57272170
57274196
57281778
57288064
57288708
57305373
57308711
57312333
57314798
57319935
57346400
57348141
57354389
57355219
57384901
57405307
57409948
57421866
57441100
57470761
57473560
57477163
57482479
57496978
57543573
57549932
57554544
57568840
57579381
57585212
57594700
57610714
57617178
57624336
57662975
57666212
57690191
57707471
57728570
57728571
57731460
57734012
57753602
57761191
57774843
57777714
57782164
57784563
57793869
57815601
57827484
57831349
57836546
57839750
57844634
57882509
57902193
57902462
57935140
57953380
57962537
57996334
58012107
58015506
58016954
58054262
58058134
58069384
58071123
58074177
58074572
58098303
58120309
58131925
58132856
58139128
58147549
58165765
58169731
58185394
58192742
58199906
58206034
58242947
58257569
58258899
58268433
58272005
58293343
58297729
58314394
58324930
58330108
58332301
58369990
58383100
58392024
58400390
58419204
58441120
58446973
58453942
58464739
58471134
58475908
58477767
58481572
58494728
58504745
58518520
58528964
58531587
58538870
58551308
58554959
58569561
58577036
58600555
58601383
58604027
58607704
58616392
58621589
58628539
58641905
58685438
58695102
58696829
58712976
58753372
58760121
58775978
58786132
58787301
58807980
58818411
58820853
58820923
58831685
58843503
58851034
58859575
58861941
58873391
58901502
58911105
58921041
58924378
58932615
58932616
58947797
58984738
58988903
58990362
58990631
58996430
59019082
59023523
59036972
59042331
59048135
59053232
59057152
59057953
59070329
59123194
59123937
59156966
59170782
59197169
59235795
59237154
59251766
59255742
59258334
59281922
59290628
59297550
59305593
59312550
59344077
59364406
59368956
59371387
59380081
59383041
59385322
59388357
59432181
59438930
59463312
59464593
59479050
59482302
59496924
59509952
59546528
59546797
59560625
59563768
59575539
59593925
59616123
59627393
59640711
59642500
59644958
59650656
59687381
59695933
59699355
59708927
59718521
59744639
59750328
59755122
59762399
59771339
59784896
59785059
59793705
59797187
59808784
59811955
59820352
59822133
59834564
59839761
59843383
59905358
59907935
59911557
59919307
59951714
59957503
59965151
59969392
59975920
59983499
60004971
60080151
60082869
60102563
60161788
60168186
60181553
60187739
60202749
60222582
60226558
60228941
60229110
60234913
60246171
60258960
60306104
60312997
60316373
60349525
60365591
60369732
60391791
60398723
60399954
60406591
60406592
60410769
60417395
60431417
60433216
60434101
60434189
60461077
60470713
60473572
60482781
60493189
60508057
60519422
60530944
60534585
60549248
60551528
60577362
60589682
60606759
60621361
60627999
60634565
60645181
60666820
60668166
60675348
60681103
60682203
60694662
60715406
60718396
60728397
60741115
60743819
60764581
60764582
60764583
60800381
60802233
60806437
60832978
60862676
60866277
60876124
60879050
60912752
60930169
60946968
60950180
60953118
60953949
60954556
60990740
60992105
60992364
60999392
61011311
61019812
61032879
61044390
61049315
61068510
61127349
61132951
61156777
61166988
61173621
61175706
61181383
61190918
61201220
61204971
61231400
61254509
61257789
61258740
61283655
61307542
61314842
61318483
61344030
61370518
61380658
61397885
61405855
61411502
61420130
61441708
61454890
61466310
61468779
61488417
61505339
61528025
61529473
61538782
61583217
61587183
61592395
61613388
61622107
61623148
61632317
61639289
61650133
61654098
61656650
61677004
61679541
61692648
61705417
61737116
61740673
61757117
61777313
61791132
61802346
61807040
61831093
61840587
61844784
61850482
61854111
61864793
61884774
61901281
61936647
61948106
61962135
61965407
61968753
62007535
62015408
62017867
62023839
62038047
62054060
62070231
62107612
62107981
62113340
62125438
62125439
62154416
62161698
62180201
62188962
62193699
62210247
62242678
62265044
62271284
62279055
62306203
62312469
62315111
62325062
62327910
62337487
62340868
62376646
62379337
62397231
62403074
62420419
62434031
62437430
62437709
62472614
62473983
62476197
62476815
62499965
62514770
62541668
62543393
62543394
62560742
62624486
62633180
62645025
62651957
62671448
62681049
62701967
62706865
62709239
62729173
62742651
62762898
62782218
62784717
62793020
62829077
62835876
62867251
62868900
62873545
62878208
62892347
62893810
62895219
62896588
62899696
62950604
62953041
62957424
62966332
62980542
62991886
63012333
63014935
63018036
63018132
63035430
63049052
63060238
63101919
63102017
63120904
63125616
63142001
63162310
63175639
63176202
63193536
63193879
63211608
63223260
63223467
63224564
63227401
63251695
63253763
63257623
63259351
63274863
63300440
63308047
63323539
63356631
63362460
63364266
63391643
63394872
63422098
63432835
63442604
63442605
63465535
63468625
63477921
63485233
63487632
63504681
63515678
63516460
63519819
63528891
63545455
63545861
63571750
63583431
63595262
63612442
63630268
63665606
63665875
63676256
63689843
63695531
63703130
63730624
63737050
63741331
63746411
63749102
63767246
63789924
63804637
63804806
63806265
63821877
63845230
63851864
63881033
63883999
63941210
63942761
63948258
63977008
63992027
63995093
64014615
64034255
64038662
64043465
64047146
64063868
64107820
64145892
64154377
64160836
64161630
64163367
64184058
64187086
64203620
64207696
64238008
64245689
64262809
64268668
64271667
64274292
64280356
64283880
64306248
64319467
64332231
64335804
64335805
64342551
64373401
64379261
64379430
64382839
64382840
64389297
64398890
64414267
64428736
64437633
64450427
64463828
64496451
64500000
64501875
64511793
64514622
64538655
64550682
64554883
64599569
64605089
64627453
64631466
64662453
64681263
64681432
64689404
64697231
64726269
64734090
64734921
64751286
64752646
64753157
64765016
64788463
64801562
64815084
64880894
64892035
64898834
64910482
64926005
64952266
64973287
64973456
64977888
64990807
65025250
65026212
65029288
65056481
65064143
65079854
65149697
65150219
65156847
65169794
65172015
65192027
65193366
65195959
65196094
65236257
65240384
65247798
65260293
65277087
65282484
65287621
65301952
65303664
65305468
65314286
65331686
65338781
65367484
65384019
65384188
65393205
65396880
65403020
65422840
65430834
65446452
65450690
65458948
65472618
65475294
65496056
65503206
65518099
65536818
65549080
65570596
65591858
65612386
65612454
65622692
65623423
65646587
65659181
65676461
65685470
65703851
65737274
65743242
65749035
65758454
65810489
65810490
65824822
65830223
65844845
65848811
65872270
65878864
65884091
65957473
65959844
65961085
65961683
65976795
65984457
66066482
66073051
66084673
66094973
66100045
66127916
66141736
66165755
66171432
66194206
66200210
66200211
66214679
66235877
66262416
66288028
66331855
66337215
66362965
66378485
66395299
66399653
66399675
66413481
66436257
66451379
66457138
66457407
66499018
66500065
66506689
66516792
66518841
66523544
66526672
66540884
66547759
66574418
66602787
66604523
66607691
66625883
66661678
66661679
66668900
66672569
66690411
66698383
66707058
66712593
66719324
66727115
66729231
66742250
66752837
66762372
66768175
66788016
66789970
66815913
66816282
66818682
66835946
66836598
66853752
66865880
66889139
66926224
66927994
66938505
66947414
66957584
66970002
66970385
66973070
66976526
66989694
66994718
67030233
67038874
67045174
67048711
67049542
67050396
67095270
67098114
67105242
67111213
67113830
67120578
67136033
67159705
67169062
67173574
67196946
67211766
67223587
67227834
67232306
67234805
67237709
67249508
67270095
67273917
67284107
67284108
67284908
67287533
67300516
67310848
67316075
67328336
67371383
67381587
67385964
67441435
67443336
67445676
67464807
67468948
67483216
67489919
67489920
67494157
67503139
67511500
67532912
67547370
67556500
67559101
67598234
67616300
67629977
67630339
67646312
67675300
67688478
67692580
67696066
67723438
67724379
67750322
67754901
67757079
67775894
67779172
67808837
67820935
67829249
67841515
67904682
67922702
67922703
67926903
67934141
67949763
67949764
67951831
67957315
67959180
67964209
67968069
67985943
67987302
67987611
68001309
68005187
68007326
68018709
68049471
68054593
68057622
68073522
68077936
68084557
68087897
68120130
68124775
68140974
68144350
68167124
68170903
68171737
68182934
68184115
68191243
68215963
68226653
68280530
68299524
68304813
68319538
68334074
68339286
68366996
68371799
68392533
68395509
68396121
68396778
68400115
68401546
68406755
68427465
68450517
68456353
68462976
68473226
68477598
68505803
68507541
68516705
68535320
68540058
68540059
68543408
68597372
68601507
68618157
68625727
68638985
68658728
68661341
68663748
68670547
68722455
68745629
68762510
68774379
68786330
68809475
68811206
68812773
68815132
68815401
68815402
68819554
68823957
68833958
68836428
68846917
68870276
68875140
68881649
68928540
68933343
68937720
68950538
68963107
69000994
69015963
69023354
69025477
69031175
69035382
69042950
69058960
69069911
69072185
69091732
69105797
69112325
69122763
69123138
69140098
69140099
69155991
69162969
69170557
69176131
69196160
69207766
69211541
69228245
69230391
69243722
69243953
69247929
69257165
69270537
69279219
69293721
69296555
69303178
69304426
69313735
69319869
69320362
69327790
69351984
69380702
69402394
69408987
69448290
69452756
69455834
69456283
69461394
69488544
69512157
69514125
69529337
69529567
69537999
69542930
69572024
69572169
69579761
69584564
69599136
69610326
69610924
69632396
69633792
69669405
69695704
69711728
69723159
69724380
69750536
69750546
69757518
69764158
69780745
69831560
69832741
69838592
69840739
69846323
69865139
69868555
69868556
69884162
69890967
69890968
69893315
69931927
69933858
69937550
69946549
69954399
69982329
69992868
70000776
70026064
70043345
70046172
70050374
70054514
70074904
70083592
70083723
70084224
70089580
70095154
70095155
70101178
70117860
70124586
70138455
70147689
70156997
70187958
70194827
70222318
70231910
70238111
70245411
70261145
70271583
70278545
70284332
70307656
70329348
70342110
70344351
70345785
70355994
70368879
70391588
70391589
70406920
70422863
70423794
70456282
70458081
70479321
70493141
70546737
70560957
70564929
70583986
70595331
70624184
70628672
70630741
70655556
70668285
70676581
70681994
70771599
70780151
70781052
70781053
70781054
70781055
70791313
70797118
70821187
70828912
70832512
70861343
70865988
70875955
70875956
70899775
70902743
70903634
70908596
70913714
70917315
70924884
70939418
70946699
70948327
70950698
70950699
70969517
71007216
71015787
71039903
71044499
71060915
71068247
71068263
71069715
71071546
71098407
71106375
71107816
71172240
71175527
71181155
71200730
71203602
71209500
71218746
71233859
71249758
71272951
71279983
71280811
71283180
71315423
71340250
71341529
71345905
71353388
71386411
71395725
71407486
71408082
71411377
71413901
71415349
71417170
71422989
71438011
71442223
71453557
71466592
71490127
71519605
71525232
71541986
71544954
71564150
71564252
71578874
71587526
71594310
71612253
71616908
71625222
71628381
71645242
71645243
71650854
71652522
71692913
71696014
71703785
71705144
71717923
71746462
71759912
71782404
71786742
71799173
71829750
71863024
71870152
71880877
71921856
71923655
71930383
71934924
71950093
71971554
71983925
71985676
72022087
72029628
72044448
72053645
72056560
72076281
72129804
72142276
72144675
72150572
72167543
72181263
72192100
72204747
72237166
72258771
72269672
72278479
72287557
72291078
72291079
72291412
72299832
72302403
72318602
72328962
72332074
72345736
72355441
72370114
72378329
72402069
72403299
72405967
72413000
72426662
72429240
72439556
72443568
72446038
72491806
72497366
72502414
72520073
72537897
72549351
72563071
72575145
72580321
72621670
72630549
72631243
72634965
72648577
72648810
72657739
72664875
72677437
72708264
72709014
72710085
72714226
72714392
72714461
72767833
72772445
72837335
72842870
72845813
72855441
72869010
72881007
72885174
72892473
72896720
72903645
72913666
72926163
72929454
72930878
72932673
72959823
72989439
72992744
73001017
73018302
73026394
73040500
73048641
73051941
73055622
73061465
73079365
73081602
73125233
73130445
73134081
73134082
73136204
73146473
73148972
73176465
73178098
73199638
73206827
73213494
73216412
73219648
73240432
73262676
73271204
73285669
73289035
73318863
73333463
73347079
73356503
73359475
73360025
73398797
73414375
73417207
73428497
73431236
73445448
73468603
73481154
73483491
73507661
73511233
73534250
73544866
73551138
73567374
73574678
73578229
73580471
73594093
73599290
73616671
73625877
73628505
73632127
73648243
73652465
73659078
73665146
73680966
73694478
73698349
73702909
73729209
73734821
73752131
73776643
73778008
73779005
73783043
73787254
73820802
73828446
73837870
73853830
73860462
73866096
73872164
73879377
73881652
73887236
73891874
73899015
73906480
73911410
73915051
73915052
73915053
73915054
73915055
73941492
73964868
73977033
73988674
74003290
74009824
74010769
74029853
74063034
74064212
74069667
74093656
74094021
74095602
74100225
74115234
74117290
74122412
74130411
74131780
74137509
74153887
74157028
74168099
74191942
74203495
74270067
74277583
74294676
74298287
74311226
74329404
74335036
74364659
74367458
74371660
74388798
74393852
74402414
74416026
74416224
74439492
74440055
74440056
74458486
74506079
74509280
74519184
74530899
74576482
74580251
74582050
74583607
74586817
74591968
74593218
74605254
74611888
74637266
74640994
74641045
74657662
74677422
74677423
74677424
74677425
74677426
74694807
74701381
74703140
74711057
74713516
74717840
74728028
74730899
74741494
74762582
74822425
74823665
74825788
74839123
74841885
74845897
74848038
74850403
74852097
74852810
74854609
74860293
74875003
74892653
74923978
74926274
74952447
74968065
74976215
74983881
74983882
75014062
75041269
75043725
75064463
75078585
75081613
75105429
75109441
75116619
75132317
75141056
75162696
75180828
75190122
75195825
75198893
75209824
75214390
75249652
75252099
75253697
75285069
75286621
75292259
75304793
75326861
75347539
75356564
75361204
75363626
75367227
75372290
75375465
75376965
75380687
75390004
75392615
75417459
75421661
75425043
75425320
75433814
75434695
75457624
75487237
75498415
75499502
75500286
75524092
75524093
75525309
75539614
75559356
75560629
75574498
75582395
75620895
75622824
75622825
75646173
75646520
75652080
75672051
75673220
75675029
75702749
75732622
75732623
75733063
75745607
75775867
75779210
75782277
75797046
75830094
75833426
75840616
75850803
75878039
75886890
75889523
75902998
75917088
75923050
75937826
75944053
75946257
75953262
75967082
75987257
75988594
75991898
76004142
76039636
76052811
76066541
76067258
76075810
76080032
76103404
76103675
76136345
76137276
76137614
76184692
76202610
76203291
76211194
76214441
76218313
76218643
76224717
76232340
76263644
76297408
76305638
76321376
76348260
76359406
76372778
76384284
76403456
76407432
76419637
76436988
76442347
76442616
76446915
76459806
76471944
76473843
76512652
76515293
76520646
76532077
76539047
76543119
76547525
76573247
76589815
76614003
76614340
76634149
76641981
76647978
76650663
76660409
76683171
76704943
76714458
76721030
76751255
76754619
76763417
76766706
76774528
76775123
76792184
76794549
76806714
76812113
76815942
76848240
76862289
76865611
76891401
76895648
76902476
76908448
76909279
76913983
76922029
76925842
76930964
76972801
76986005
76990617
77007920
77013169
77027445
77036039
77044671
77060848
77084837
77087109
77098449
77116346
77121851
77133792
77135531
77150143
77152542
77153811
77205367
77207191
77229910
77235086
77252217
77330185
77334267
77336644
77360173
77363314
77372241
77379481
77387463
77411244
77414722
77428945
77454922
77456781
77462146
77491079
77498348
77505534
77506119
77527210
77538567
77542832
77558536
77561728
77565204
77568553
77581312
77584012
77585513
77585514
77600660
77603950
77608643
77610772
77622396
77625948
77631175
77642288
77679716
77693536
77700347
77723643
77754944
77754945
77778835
77783947
77797992
77799846
77826734
77827521
77841719
77847678
77859858
77864539
77876207
77901552
77910045
77936940
77972406
77998771
78004197
78009994
78010363
78033100
78053598
78060096
78080961
78082039
78121572
78156759
78161960
78184733
78193831
78193832
78202553
78211862
78229193
78243409
78266168
78274190
78275321
78316184
78348934
78349103
78355370
78358521
78364470
78371393
78387742
78391364
78402798
78422252
78423643
78437364
78474168
78486968
78509901
78512663
78540593
78552773
78556320
78564023
78574395
78577570
78586116
78610936
78613627
78621186
78625592
78636495
78637313
78651105
78658564
78663366
78697395
78700060
78706415
78734254
78748366
78765160
78780140
78783370
78785392
78792195
78794994
78811937
78835747
78845026
78861134
78864369
78868119
78868776
78872731
78910579
78922939
78933589
78942513
78949372
78984772
78986941
79016563
79068663
79080761
79094383
79106360
79109599
79126789
79155167
79161790
79178930
79182538
79185500
79205581
79206750
79229522
79234734
79279397
79306385
79323590
79324191
79333300
79335209
79337169
79402185
79407975
79409334
79418153
79418928
79441381
79444933
79447365
79473793
79491903
79514956
79531196
79538761
79544790
79555535
79559912
79569173
79571449
79575620
79580323
79606837
79629370
79636594
79649195
79703905
79707116
79718768
79757784
79759367
79759861
79766336
79777187
79785958
79794767
79796561
79798060
79814787
79816536
79844764
79850798
79852326
79853073
79856792
79861914
79867938
79870141
79875176
79965360
79967395
79972330
79979666
79985120
79997591
80019195
80032567
80033124
80036543
80045583
80071763
80075749
80102359
80108118
80117527
80141480
80159717
80161395
80163754
80168720
80186010
80190753
80193355
80204957
80208158
80208323
80230510
80233946
80234301
80244114
80250319
80280737
80280944
80304126
80316585
80321197
80335817
80344569
80352158
80367387
80368942
80402389
80441106
80457744
80476891
80485722
80495985
80513550
80516007
80532587
80538728
80549379
80551130
80555062
80555116
80559548
80560728
80566312
80600490
80604091
80604092
80630522
80637190
80651316
80666118
80678380
80696379
80723580
80727036
80727721
80741828
80744121
80764541
80769747
80770678
80773359
80796456
80802524
80811661
80813021
80825553
80831721
80863132
80885284
80885324
80887714
80887952
80889750
80896940
80908502
80921533
80925836
80955168
80978111
80987696
81000306
81003500
81020140
81020646
81028112
81035362
81055000
81057455
81057959
81059524
81066751
81105204
81109178
81122844
81128478
81146288
81167171
81171949
81172176
81179446
81191584
81197327
81210420
81218874
81231742
81254059
81269231
81275020
81275309
81278754
81306586
81325903
81330115
81332143
81336148
81354330
81380218
81383947
81385346
81386177
81426505
81434470
81439173
81443745
81471108
81480460
81481818
81489939
81492226
81510157
81524977
81563416
81566151
81571633
81587028
81599449
81601517
81612598
81616639
81618817
81661951
81665333
81674782
81686058
81752019
81755371
81756897
81759748
81777047
81782376
81788994
81791932
81810441
81816475
81820689
81823360
81843628
81846636
81863068
81866673
81873903
81896370
81896771
81907872
81913510
81919143
81927732
81933259
81954378
81962318
81974607
81977953
81983656
81985784
81992475
81994591
82003859
82005435
82012319
82016179
82035781
82044279
82044280
82050203
82052602
82065276
82085619
82099401
82103466
82108372
82112775
82114013
82116191
82140600
82176812
82199284
82213171
82224646
82257940
82260502
82263578
82270047
82293134
82301904
82308875
82315772
82321037
82324105
82324106
82324312
82340056
82340057
82361206
82377606
82382815
82386016
82404868
82419869
82422049
82432018
82452993
82458280
82482194
82498947
82529174
82542267
82556058
82556059
82562802
82579942
82593786
82627406
82633039
82633308
82639107
82642348
82670878
82685480
82693042
82693917
82697249
82697428
82705573
82732705
82734805
82738277
82742611
82744076
82760689
82768499
82818645
82821760
82828051
82841979
82878489
82888408
82944432
82946847
82956492
82962242
82971335
82994509
82994510
82999629
83011277
83011278
83021423
83027236
83039729
83048208
83054225
83061014
83102080
83104731
83108603
83121692
83133491
83135907
83190280
83225447
83228073
83235263
83236601
83239739
83239740
83241722
83258273
83266092
83269557
83272895
83274244
83283063
83295594
83303851
83319610
83326048
83347294
83370323
83392426
83407038
83438826
83443619
83446909
83461421
83464209
83467607
83500096
83519853
83531441
83544697
83546647
83550869
83555666
83555667
83584898
83602069
83604828
83629030
83675475
83678433
83682725
83715234
83725008
83743222
83746708
83747250
83755611
83764718
83764719
83764996
83778600
83810690
83812099
83831356
83866861
83880087
83887306
83903521
83957459
83965310
83968380
83980492
83982270
83986578
83991690
83994433
83994646
84012625
84013237
84025439
84046493
84055227
84058253
84080938
84080939
84103702
84117021
84124261
84133008
84136000
84171830
84173492
84177693
84206435
84220251
84224627
84243274
84257639
84257640
84268896
84285623
84290642
84298614
84305651
84313685
84327329
84341431
84361420
84385264
84388461
84389640
84397023
84401683
84417082
84428023
84430950
84442536
84451804
84472026
84478195
84488827
84491298
84530620
84536654
84539520
84550200
84565800
84569017
84569886
84592800
84613836
84620194
84636823
84650463
84653834
84673417
84677654
84686841
84687358
84696266
84740193
84747429
84749824
84764038
84766279
84769941
84794011
84808313
84812868
84814897
84824601
84834865
84845628
84847656
84869738
84877802
84899094
84905691
84914462
84916669
84926738
84932271
84962466
84968490
84970821
84988419
84990171
85004150
85028288
85034450
85060248
85066822
85080048
85080444
85087012
85101097
85101228
85103922
85115440
85121942
85138716
85166216
85215458
85239662
85252081
85255550
85306040
85309439
85310252
85313220
85326399
85346853
85352446
85359414
85374678
85399281
85431040
85446833
85448931
85463083
85475641
85489096
85505315
85507811
85519211
85520851
85528209
85541675
85545073
85551711
85562745
85602018
85605684
85639257
85646474
85651167
85668449
85682655
85684223
85704698
85705804
85709845
85718645
85742772
85754829
85771019
85771020
85771021
85775486
85800949
85802526
85821180
85827713
85839825
85852291
85854214
85876417
85893201
85908279
85909450
85936485
85967160
85991529
86013171
86016245
86039057
86049351
86062400
86088138
86099788
86100785
86120751
86137485
86157908
86164529
86170989
86174055
86188410
86196216
86197239
86198326
86209650
86221741
86223870
86229493
86238081
86240887
86274272
86281779
86308219
86318356
86321248
86325573
86325596
86327225
86346643
86361354
86396750
86421986
86442081
86445415
86466163
86474024
86489182
86498013
86516889
86532744
86541496
86555018
86559484
86569121
86578200
86585274
86643777
86652646
86676862
86686671
86690572
86742443
86767655
86778566
86780027
86801871
86801872
86804246
86805855
86821010
86825483
86827882
86840720
86848580
86868952
86871614
86871615
86889202
86915847
86937530
86943389
86952477
86988864
86997073
87008374
87010442
87025064
87043568
87046457
87047074
87047161
87102774
87106146
87112784
87118301
87148330
87151205
87182127
87210505
87246309
87255382
87257460
87259077
87259933
87288189
87292536
87294988
87303357
87313164
87319876
87322377
87322378
87340664
87347365
87350908
87390067
87390798
87430304
87430998
87460579
87473172
87475570
87483942
87511987
87514539
87523462
87526784
87535691
87557188
87564352
87564935
87567063
87588741
87602890
87608852
87609391
87614611
87621407
87622767
87624166
87639778
87649699
87685879
87751584
87756343
87765315
87769556
87772572
87774234
87796900
87798440
87819421
87835759
87836938
87880531
87890143
87902575
87910978
87911394
87917187
87973893
87978805
87979586
87990236
87997872
88032368
88032456
88033975
88069166
88069597
88071625
88089103
88095331
88120966
88123329
88132637
88177324
88190453
88190790
88197162
88204302
88205593
88234365
88236094
88240808
88240999
88241506
88264978
88279736
88283496
88289295
88301393
88301833
88305705
88305978
88307361
88341502
88358139
88361177
88369727
88409165
88412339
88435542
88438982
88472456
88482761
88494120
88494899
88513608
88552992
88559132
88581108
88610708
88616795
88619463
88643173
88643579
88650530
88671720
88686573
88696724
88722973
88724332
88728507
88733579
88753985
88754763
88757791
88760522
88789641
88819587
88820235
88845345
88851326
88901771
88928798
88935103
88940154
88942504
88958576
88975532
88979991
88989706
89040386
89041555
89086566
89091579
89091772
89111398
89112729
89113320
89127526
89181134
89181369
89185742
89189982
89194033
89194103
89211486
89222931
89235196
89252153
89252157
89258225
89258906
89272878
89310929
89312388
89326990
89333528
89362180
89386122
89397517
89399912
89405199
89423971
89448140
89463537
89474727
89493368
89494469
89516305
89521713
89529919
89544521
89547299
89558090
89563150
89567993
89609515
89621922
89628781
89631139
89631140
89631141
89631142
89631143
89631144
89631145
89631146
89642993
89662736
89698120
89718302
89719143
89731911
89732524
89739383
89770167
89774530
89792713
89801755
89810518
89818984
89832901
89856523
89870349
89882100
89883517
89893715
89899996
89904598
89914395
89943723
89959682
89974904
89987208
89997728
90011152
90019393
90020065
90036274
90075978
90098780
90122655
90135989
90140980
90147755
90156158
90162951
90200789
90219263
90238142
90239723
90243945
90246973
90263923
90303176
90307777
90311614
90330453
90330454
90337190
90357090
90361010
90365482
90374791
90397998
90407382
90411554
90432163
90434657
90434926
90440725
90452877
90464188
90470931
90500169
90502999
90508760
90519313
90555947
90557975
90576781
90579153
90582719
90590303
90592429
90616316
90640901
90642597
90654356
90660762
90669991
90673413
90726340
90727556
90740329
90743290
90764875
90790253
90809975
90810762
90812044
90844184
90846359
90873992
90876561
90884403
90884404
90885155
90887783
90908427
90925163
90928333
90934570
90951921
90953320
90957527
90960358
90963488
90980792
91020571
91034681
91070115
91078716
91107093
91110378
91123920
91133740
91148083
91152256
91152257
91152258
91188343
91231901
91250514
91258852
91279700
91345518
91349449
91350799
91351370
91420254
91422370
91438994
91449144
91449532
91468551
91499077
91501248
91512835
91512836
91554542
91559748
91580102
91584698
91588074
91595718
91596726
91597389
91607976
91623717
91650245
91662792
91663373
91677585
91691605
91697229
91711547
91712985
91718579
91731841
91754175
91781589
91782219
91798373
91812341
91819979
91822647
91831066
91842653
91862578
91869203
91895091
91903221
91907707
91932350
91939608
91949988
91985515
91989718
91996584
91998119
91998120
91998121
92001300
92035412
92039899
92053608
92065772
92084010
92092092
92099232
92125819
92142169
92170894
92200612
92219931
92223641
92246806
92266279
92300891
92346415
92353449
92361635
92365601
92373006
92377303
92391084
92394653
92408984
92409659
92418590
92421852
92435533
92450185
92510265
92512625
92518817
92536468
92572371
92595545
92595643
92609670
92661479
92667214
92676637
92693205
92719314
92720564
92723496
92729410
92731455
92736188
92746535
92755808
92767273
92773018
92784374
92807548
92821268
92826944
92841002
92854392
92870717
92887027
92890308
92901944
92918648
92924317
92933195
92944626
92958307
92970404
93013676
93016201
93023479
93085839
93087299
93107608
93108297
93108433
93108839
93124273
93130021
93130022
93149655
93151201
93157004
93187568
93211810
93211836
93217231
93220472
93221206
93224848
93224849
93238626
93260132
93294869
93298460
93302695
93332803
93343894
93346024
93353691
93368494
93369354
93379652
93382620
93396832
93431518
93431862
93445074
93451636
93469007
93483212
93504463
93506862
93542102
93543806
93553943
93554166
93568288
93599951
93600443
93657021
93662626
93665266
93671934
93709215
93713837
93715853
93717133
93724592
93730230
93730409
93747864
93749093
93751476
93775296
93788854
93816465
93830681
93882364
93889755
93892436
93895605
93900406
93912845
93912846
93920745
93927067
93946239
93966624
93969023
93983867
94004268
94022093
94042337
94068856
94079037
94081496
94092230
94096018
94096616
94119480
94119974
94145021
94145683
94156050
94160895
94163677
94192409
94203886
94212438
94215860
94220427
94230224
94243005
94253609
94256039
94283662
94303232
94331452
94344242
94374859
94377247
94380860
94381039
94388754
94412545
94415058
94425169
94432298
94454495
94463200
94484482
94515289
94535485
94538053
94561645
94566432
94568601
94573223
94585852
94622638
94626050
94634433
94656263
94662235
94664694
94667532
94675535
94681654
94689206
94689635
94693857
94716515
94739788
94766498
94770493
94772232
94773007
94784213
94793422
94801854
94804055
94807487
94820406
94845226
94853057
94861297
94878265
94886282
94905343
94919024
94933468
94937430
94940436
94944637
94950218
94973028
94973029
94977269
94982447
94997874
95004025
95026693
95027497
95040215
95051344
95081386
95083785
95084054
95090813
95096437
95113856
95132338
95144193
95166228
95169481
95174353
95178994
95194279
95204084
95214051
95218695
95220856
95231062
95239444
95254840
95265975
95281259
95286165
95288024
95291684
95308449
95326659
95352218
95360850
95362816
95376428
95395761
95401059
95403418
95442074
95443805
95448692
95451366
95453143
95457011
95466842
95472621
95474755
95486586
95492061
95500396
95503687
95507060
95511642
95515060
95519486
95526884
95561280
95600067
95614612
95621257
95637655
95638658
95642274
95658967
95676943
95697223
95701283
95714077
95727991
95735217
95744531
95750695
95772051
95784434
95788410
95789089
95816395
95833645
95841282
95888876
95905259
95920682
95923441
95929069
95943058
95952802
95956346
95992081
95993388
96005454
96008713
96012004
96015976
96029574
96051150
96055137
96073342
96099959
96100333
96142517
96146814
96148285
96157835
96163807
96182448
96216229
96218085
96223501
96227613
96235275
96287685
96300057
96316857
96331676
96334243
96345188
96355986
96363153
96381979
96383838
96384007
96385345
96404912
96420087
96427353
96428622
96457619
96458440
96470883
96471335
96474800
96501677
96553688
96561011
96565487
96570609
96592102
96594609
96598015
96606246
96622984
96631852
96643568
96653775
96677818
96682430
96700602
96704018
96704974
96729612
96733134
96746083
96765646
96782886
96789758
96802306
96851799
96857854
96864105
96864811
96872283
96875080
96890582
96907086
96914272
96930127
96938777
96938986
96947648
96965364
96967123
96981563
97000273
97001138
97007933
97017120
97021916
97023549
97024987
97064649
97077563
97093037
97120394
97127906
97151365
97165977
97168905
97169186
97170107
97173708
97204936
97211663
97219708
97232518
97234686
97240270
97268402
97317530
97342942
97360116
97362768
97385276
97396380
97403510
97433739
97439308
97439806
97452817
97452818
97466438
97466712
97489701
97520701
97526666
97567736
97570038
97574404
97584500
97588916
97590747
97590748
97612389
97617181
97623219
97642679
97648103
97651498
97687912
97688360
97697447
97697678
97705809
97738431
97750534
97783659
97792247
97795930
97806240
97809599
97811903
97836203
97843505
97885363
97896503
97904474
97922283
97923414
97926515
97940434
97949165
97970833
97973387
97997309
98012938
98024118
98045062
98049038
98049915
98069388
98075147
98076754
98126725
98139712
98143165
98147766
98153934
98154550
98162021
98162242
98225108
98229575
98239899
98252586
98259197
98263709
98266377
98273947
98280324
98287529
98299011
98301564
98336111
98358303
98374133
98380593
98414735
98427577
98431356
98434877
98437424
98444741
98446407
98456117
98494543
98495314
98502113
98502114
98502115
98535702
98555327
98558751
98582704
98585345
98637386
98643358
98645731
98649372
98666339
98672567
98700941
98707192
98719226
98745000
98777036
98780137
98792570
98795934
98818516
98827725
98847704
98850929
98864751
98865920
98867329
98884569
98891840
98898173
98918572
98927491
98931003
98954106
98954375
98956134
98978921
99000107
99000151
99002135
99004752
99013397
99030164
99050989
99064191
99070951
99075257
99150062
99171160
99173029
99177923
99185129
99188141
99189322
99212922
99214782
99234526
99261403
99267150
99274184
99284890
99311109
99315585
99330325
99342953
99348756
99351431
99357565
99365553
99397762
99414168
99423156
99426834
99427357
99429730
99458769
99469936
99510761
99517131
99518961
99523325
99532708
99551425
99581584
99590524
99594764
99597615
99634927
99641328
99645428
99657399
99659159
99668578
99675356
99690140
99721536
99724761
99733359
99735427
99747800
99785935
99788587
99789342
99795159
99861526
99865167
99877698
99899504
99902789
99913726
99916754
99940363
99946920
99995595
100200133
100200134
100200135
100200136
100209001
100332001
100332002
100332003
100332004
100332005
100332006
100332008
100332023
100332041
100332042
100332043
100332100
100332200
100418001
100418002
100418003
100418004
100418008
100418009
100418010
100418011
100418015
100418016
100418017
100418018
100418022
100418023
100418024
100418025
100418029
100418030
100418031
100418036
100418037
100418038
100418039
100419002
100419003
100419004
100419005
100419006
100419007
100419008
100419016
100419018
100419022
100419023
100419025
100419030
100419035
100419037
100419040
101002002
101002003
101002004
101002005
101002006
101002007
101002008
101002009
101002010
101002011
101002012
101002013
101002014
101002015
101002016
101002017
101002018
101002019
101002020
101002021
101002022
101002023
101002024
101002025
101002026
101002027
101002028
101002029
101002030
101002031
101002032
101002033
101002034
101002035
101002036
101002037
101002038
101002039
101002040
101002041
101002042
101002043
101002044
101002045
101002046
101002047
101002048
101002049
101002050
101002051
101002052
101002053
101002054
101002055
101002056
101002057
101002058
101002059
101002060
101002061
101002062
101002063
101002064
101002065
101002066
101002067
101002068
101002069
101002070
101002071
101002072
101002073
101002075
101002076
101002077
101002078
101002079
101002080
101002100
101002154
101002161
27551