82946847
18940556
44335251
81823360
37265642
85520851
15894048
06849042
41753322
83235263
50896944
63259351
45894482
36042004
38572779
04058065
99733359
12275533
89362180
07392745
85138716
17228908
47325505
84808313
43898403
48976825
12923641
01033312
00911883
73628505
44612603
58272005
23869735
95676943
29843091
42956963
40838625
01637760
18252559
18486927
48874522
81269231
17663375
50933533
83104731
86321248
10509340
01953925
39303359
56094445
60953949
47687766
97526666
24419823
85087012
47606319
61156777
68473226
93187568
23434538
44052074
70147689
92001300
59811955
37694547
80921533
77584012
23171610
63995093
12247206
05133471
67169062
73628505
00164710
53334471
50078509
97077563
99188141